0 0 A C G T T C G A T T A C C T A
0 0 -2 -4 -6 -8 -10 -12 -14 -16 -18 -20 -22 -24 -26 -28 -30
A -2 1 -1 -3 -5 -7 -9 -11 -13 -15 -17 -19 -21 -23 -25 -27
C -4 -1 2 0 -2 -4 -6 -8 -10 -12 -14 -16 -18 -20 -22 -24
G -6 -3 0 3 1 -1 -3 -5 -7 -9 -11 -13 -15 -17 -19 -21
T -8 -5 -2 1 4 2 0 -2 -4 -6 -8 -10 -12 -14 -16 -18
C -10 -7 -4 -1 2 3 3 1 -1 -3 -5 -7 -9 -11 -13 -15
G -12 -9 -6 -3 0 1 2 4 2 0 -2 -4 -6 -8 -10 -12
C -14 -11 -8 -5 -2 -1 2 2 3 1 -1 -3 -3 -5 -7 -9
A -16 -13 -10 -7 -4 -3 0 1 3 2 0 0 -2 -4 -6 -6
T -18 -15 -12 -9 -6 -3 -2 -1 1 4 3 1 -1 -3 -3 -5
A -20 -17 -14 -11 -8 -5 -4 -3 0 2 3 4 2 0 -2 -2
C -22 -19 -16 -13 -10 -7 -4 -5 -2 0 1 2 5 3 1 -1
A -24 -21 -18 -15 -12 -9 -6 -5 -4 -2 -1 2 3 4 2 2
